0 0.34202 0.642788 0.866025 0.984808 0.984808 0.866025 0.642788 0.34202 1.22465e-16 
0.0987654 0.319228 0.521606 0.67441 0.755874 0.754867 0.67172 0.518197 0.316612 0.0987654 
0.17284 0.314541 0.45007 0.554302 0.609705 0.607526 0.548448 0.442554 0.308617 0.17284 
0.222222 0.3161 0.410127 0.483681 0.522267 0.51885 0.474479 0.398251 0.306637 0.222222 
0.246914 0.317676 0.391315 0.44947 0.479319 0.474856 0.43747 0.375864 0.305401 0.246914 
0.246914 0.316669 0.389136 0.446054 0.474856 0.469839 0.432622 0.371999 0.303241 0.246914 
0.222222 0.31341 0.404273 0.474479 0.510266 0.505419 0.461591 0.38806 0.300991 0.222222 
0.17284 0.311132 0.442554 0.542426 0.594254 0.590389 0.532235 0.429963 0.301772 0.17284 
0.0987654 0.316612 0.515682 0.664947 0.743599 0.741439 0.659301 0.508836 0.31169 0.0987654 
0 0.34202 0.642788 0.866025 0.984808 0.984808 0.866025 0.642788 0.34202 1.22465e-16 
